1
0 -24 -42 -50 -29 -12 -44 -22 -47 -42 -17 -11 -48 -23 -19 -44
1 -33 -44 -34 -31 2 -45 -27 -36 -47 -15 -6 -53 -4 -41 -42
2 -25 -43 -45 -38 -14 -39 -28 -29 -48 -11 -13 -62 -16 -29 -34
3 -23 -44 -50 -43 -21 -46 -27 -25 -44 -20 -18 -45 -17 -24 -44
4 -35 -48 -53 -35 -11 -47 -3 -25 -45 -14 0 -48 -29 -46 -38
5 -27 -42 -37 -29 -14 -59 -31 -32 -45 -29 -13 -42 -11 -32 -45
6 -31 -42 -39 -35 -13 -58 -20 -28 -49 -9 -13 -43 -21 -32 -40
7 -13 -38 -55 -22 -6 -44 -39 -43 -43 -21 -6 -46 -22 -34 -38
8 -28 -43 -46 -34 -15 -40 -25 -24 -48 -7 -15 -48 -23 -30 -48
9 -19 -36 -47 -23 -20 -38 -25 -32 -49 -33 -19 -55 -22 -31 -46
